-4 -243 196 127 48 216 -86 246 128 113 341 
  279 -150 
  147 -209 -29 -247 -199 -399 -19 -256 -251 -312 
-228 -159 2 221 -11 199 
  11 326 -121 363 -231 -269 -273 5 207 133 
  107 118 109 129 -243 190 
  14 -173 -23 322 -149 -367 -70 -354 
  178 -349 -114 -201 228 179 34 225 -91 136 
  107 -280 -135 44 -66 287 -186 -77 
  217 -192 -246 39 3 -19 297 -322 -46 -266 
  219 93 -203 41 -255 -263 -281 -383 214 -225 
  254 164 133 314 -157 370 129 4 -300 214 
  288 267 
  14 332 -195 -233 -63 -310 -287 -299 -30 -162 
  130 190 -72 326 190 -10 -121 62 -239 146 
  117 -24 16 149 192 295 116 -334 200 238 
  82 -182 1 -273 -286 169 -20 262 154 -310 
  120 112 -181 32 239 88 242 294 
  9 137 -135 -160 -237 -103 -36 228 
  123 151 -31 -389 -272 39 -290 -180 0 -236 
  245 -133 41 205 180 -355 
  175 272 -136 -99 -151 -81 -85 2 -209 -33 
  217 2 -254 270 234 -283 -176 -359 -84 300 
  255 -292 -240 51 150 124 -157 -57 -32 -52 
  221 -214 106 -358 116 75 -215 136 -3 -174 
  294 -28 69 -134 -7 376 266 124 
  98 273 -142 -377 -6 -54 263 246 249 -186 
  149 53 
  134 -120 -179 104 -241 53 -208 44 -61 -131 
  149 -14 22 95 47 -159 -124 77 
  157 189 -81 -152 -5 -301 -146 -166 
  144 -151 -187 -265 -61 -159 
  158 -235 -253 -256 -183 -176 -111 86 -135 362 
-17 193 175 217 -239 330 277 -246 
  12 73 -91 -304 -204 -279 -105 -193 
  141 -105 -87 -66 
  31 304 -283 -4 -46 -291 -9 383 -288 10 
  214 142 -183 309 220 -352 213 -198 -180 -75 
  281 398 -91 -84 47 -95 110 389 
  210 -273 -295 -130 107 -278 -49 -179 168 -196 
  79 234 -179 302 -124 371 12 -399 -188 170 
  132 156 -216 174 102 18 234 -294 
  281 -301 -52 128 -54 308 -184 -385 244 -102 
  179 -87 -68 -65 55 -150 93 121 -206 105 
  79 239 292 -62 -204 9 111 -308 
  134 -115 -162 -108 32 327 -275 38 -65 -21 
  110 387 -90 173 -194 98 -173 -238 -229
