-15882 42458 -551 26875 4330 44782 2398 37852 -4197 
  46711 -15657 25628 3270 44878 -11805 31978 16495 
  27302 1094 48260 16138 43572 -2763 23362 -13303 
  38858 15862 39387 8190 23102 7059 32906 -1841 
  31326 -13230 49504 -18675 43309 14678 48052 -11354 
  28342 -13114 36351 -4104 41194 -7245 22712 16627 
  49503 -18628 48381 -785 24356 -10015 37497 -1239 
  38040 3807 20380 -12222 30620 15326 47327 16656 
  28788 -2586 39767 16842 25675 -3018 37591 -1685 
  38772 6213 22004 741 39404 8933 25450 9967 
  38075 3239 26487 -19784 34540 16696 20420 19395 
  25136 -8722 43051 2033 36082 18890 29274 -5768 
  45003 -19862 48663 1637 35605 -19235 36877 7980 
  34976 -10312 29293 -13268 31530 -6503 26913 19959 
  33219 8959 30052 -5045 22011 -16764 32571 -12888 
  46798 18552 21586 2254 23986 9536 24753 -7770 
  45722 1137 24432 4803 48436 -7106 37652 -8322 
  38535 -19045 22985 110 40624 13153 35496 12430 
  41768 4107 29736 12298 22420 -9813 45427 14389 
  20688 19246 22018 10669 44939 -203 20284 -10054 
  41902 -204 33010 5310 45948 12455 31881 -2217 
  44226 4207 28600 11758 36966 17355 43191 1111 
  47091 -1018 34217 -10468 45529 -11251 39452 4587 
  27824 -12783 23397 -1163 45298 -18668 30072 11494 
  22559 -10948 46142 -6741 28048 18427 45348
8394 22577 5153 33055 11621 27574 -3843 21278 -7506 
35144 -702 43255 -529 42865 -19427 35963 10382 
44143 -12852 46836 15980 26627 -1168 39906 -6847 
44369 -7938 49218 -2830 26876 -2471 27752 -9145 
25599 -13595 43332 -6425 25378 12023 25255 5911 
30341 5163 38527 -5371 40798 -15787 25470 17999 
36630 -7872 43768 3501 45907 -8185 22221 -16558 
23379 -16380 41308 -13386 42361 -18731 38831 -2260 
20716 -19996 32219 776 40201 2925 27442 18285 33593 
4996 37529 -7837 23845 -16960 27885 -16203 45334 
-2637 40452 -2464 38895 8438 31855 -18785 46253 
2639 36174 2432 28783 2740 30090 10159 32394 12024 
45006 14331 38806 8035 23466 -13541 25951 3788 
48377 12688 23094 18718 44257 9910 42511 -166 25326 
-5534 37950 -10926 29387 4596 42771 -3516 33881 
16103 38447 -12408 28606 -6972 36244 7149 43310 
12912 40060 -1836 29801 16034 49860 19535 44426 
-5486 39266 -12843 21369 -12193 34258 10796 40934 
-11868 37559 7334 35373 -3703 38791 -11865 43509 
16762 48165 -18207 46297 -2613 41110 -13071 37759 
-13896 44767 7678 34715 7339 45693 11777 24174 
-15841 48896 10104 39770 -9302 40034 17767 35116 
-11716 35154 8758 47173 1292 27269 5368 32879 1906 
24493 9641 42938 -8085 26187 10320 32774 4580 39001 
-3296 48570
