-128092 197325 -188857 117371 -214757 598485 -326707 
91009 -252222 37402 -399979 554237 -24656 475344 
-119254 565889 -284943 277619 -308359 182221 -152037 
371117 -366472 457120 -153399 5909 -313528 66755 
-37269 292447 -210260 268711 -348214 267882 -755 
470506 -336173 371059 -50447 484286 -359734 357968 
-290065 366419 -225321 300533 -93117 149276 -310573 
489927 -3855 107411 -164520 193961 -129295 401385 
-267224 215250 -273252 529064 -7714 281919 -252529 
134844 -229329 307865 -386018 542525 -1873 19544 
-269574 214555 -186105 225149 -124318 560832 -66612 
399702 -208125 458038 -27229 165173 -47175 47433 
-85584 184273 -105012 57036 -97002 564210 -241851 
267356 -169268 246836 -349703 599553 -223618 464542 
-213047 181276 -94781 288930 -98158 562491 -182547 
355572 -246128 193210 -66869 124371 -357846 134476 
-72293 307566 -312994 71321 -119892 5185 -237425 
255248 -242632 537984 -143716 476559 -358438 117348 
-234990 283934 -342603 353781 -80161 234683 -198611 
586249 -34555 535417 -153355 509017 -136018 474311 
-108797 218181 -104911 167104 -179549 42913 -91054 
596675 -379123 319978 -154787 100625 -312360 569858 
-26447 111441 -110032 63941 -170564 87311 -53113 
334580 -329363 53341 -114631 165413 -7311 487132 
-169793 41724 -22273 394612 -152647 490525 -76261 
381020 -339400 568194 -37384 348270 -329208 430887 
-391294 251283 -102836 301355 -234240 435531 -145436 
561364 -333379 216612 -150733 373756 -269243 443413 
-371476 591958 -110353 263441