0 10000 0 -10000 -6000 8000 -6000 -8000 6000 
  8000 6000 -8000 -8000 6000 -8000 -6000 8000 
  6000 8000 -6000 -8824 4706 -8824 -4706 8824 
  4706 8824 -4706 -9231 3846 -9231 -3846 9231 
  3846 9231 -3846 -9459 3243 -9459 -3243 9459 
  3243 9459 -3243 -9600 2800 -9600 -2800 9600 
  2800 9600 -2800 -9692 2462 -9692 -2462 9692 
  2462 9692 -2462 -3846 9231 -3846 -9231 3846 
  9231 3846 -9231 -7241 6897 -7241 -6897 7241 
  6897 7241 -6897 -8491 5283 -8491 -5283 8491 
  5283 8491 -5283 -2800 9600 -2800 -9600 2800 
  9600 2800 -9600 -4706 8824 -4706 -8824 4706 
  8824 4706 -8824 -6897 7241 -6897 -7241 6897 
  7241 6897 -7241 -7534 6575 -7534 -6575 7534 
  6575 7534 -6575 -2195 9756 -2195 -9756 2195 
  9756 2195 -9756 -5077 8615 -5077 -8615 5077 
  8615 5077 -8615 -1803 9836 -1803 -9836 1803 
  9836 1803 -9836 -3243 9459 -3243 -9459 3243 
  9459 3243 -9459 -4382 8989 -4382 -8989 4382 
  8989 4382 -8989 -1529 9882 -1529 -9882 1529 
  9882 1529 -9882 -1327 9912 -1327 -9912 1327 
  9912 1327 -9912
